*Heading
 C:\Users\snv22002\Documents\GitHub\Finite-Element-Method-with-Gridap.jl\Lbracket3d_dd
*NODE
3, 100, 35, 0
4, 100, 40, 0
6, 40, 100, 0
7, 0, 100, 0
10, 100, 35, 10
11, 100, 40, 10
13, 40, 100, 10
14, 0, 100, 10
149, 100, 35.833333333333, 0
150, 100, 36.666666666667, 0
151, 100, 37.5, 0
152, 100, 38.333333333333, 0
153, 100, 39.166666666667, 0
272, 39, 100, 0
273, 38, 100, 0
274, 37, 100, 0
275, 36, 100, 0
276, 35, 100, 0
277, 34, 100, 0
278, 33, 100, 0
279, 32, 100, 0
280, 31, 100, 0
281, 30, 100, 0
282, 29, 100, 0
283, 28, 100, 0
284, 27, 100, 0
285, 26, 100, 0
286, 25, 100, 0
287, 24, 100, 0
288, 23, 100, 0
289, 22, 100, 0
290, 21, 100, 0
291, 20, 100, 0
292, 19, 100, 0
293, 18, 100, 0
294, 17, 100, 0
295, 16, 100, 0
296, 15, 100, 0
297, 14, 100, 0
298, 13, 100, 0
299, 12, 100, 0
300, 11, 100, 0
301, 9.9999999999999, 100, 0
302, 8.9999999999999, 100, 0
303, 7.9999999999999, 100, 0
304, 6.9999999999999, 100, 0
305, 6, 100, 0
306, 5, 100, 0
307, 4, 100, 0
308, 3, 100, 0
309, 2, 100, 0
310, 0.99999999999999, 100, 0
544, 100, 35.833333333333, 10
545, 100, 36.666666666667, 10
546, 100, 37.5, 10
547, 100, 38.333333333333, 10
548, 100, 39.166666666667, 10
667, 39, 100, 10
668, 38, 100, 10
669, 37, 100, 10
670, 36, 100, 10
671, 35, 100, 10
672, 34, 100, 10
673, 33, 100, 10
674, 32, 100, 10
675, 31, 100, 10
676, 30, 100, 10
677, 29, 100, 10
678, 28, 100, 10
679, 27, 100, 10
680, 26, 100, 10
681, 25, 100, 10
682, 24, 100, 10
683, 23, 100, 10
684, 22, 100, 10
685, 21, 100, 10
686, 20, 100, 10
687, 19, 100, 10
688, 18, 100, 10
689, 17, 100, 10
690, 16, 100, 10
691, 15, 100, 10
692, 14, 100, 10
693, 13, 100, 10
694, 12, 100, 10
695, 11, 100, 10
696, 9.9999999999999, 100, 10
697, 8.9999999999999, 100, 10
698, 7.9999999999999, 100, 10
699, 6.9999999999999, 100, 10
700, 6, 100, 10
701, 5, 100, 10
702, 4, 100, 10
703, 3, 100, 10
704, 2, 100, 10
705, 0.99999999999999, 100, 10
823, 100, 35, 1
824, 100, 35, 2
825, 100, 35, 3
826, 100, 35, 4
827, 100, 35, 5
828, 100, 35, 6
829, 100, 35, 7
830, 100, 35, 8
831, 100, 35, 9
832, 100, 40, 1
833, 100, 40, 2
834, 100, 40, 3
835, 100, 40, 4
836, 100, 40, 5
837, 100, 40, 6
838, 100, 40, 7
839, 100, 40, 8
840, 100, 40, 9
850, 40, 100, 1
851, 40, 100, 2
852, 40, 100, 3
853, 40, 100, 4
854, 40, 100, 5
855, 40, 100, 6
856, 40, 100, 7
857, 40, 100, 8
858, 40, 100, 9
859, 0, 100, 1
860, 0, 100, 2
861, 0, 100, 3
862, 0, 100, 4
863, 0, 100, 5
864, 0, 100, 6
865, 0, 100, 7
866, 0, 100, 8
867, 0, 100, 9
8291, 100, 35.833333333333, 1
8292, 100, 35.833333333333, 2
8293, 100, 35.833333333333, 3
8294, 100, 35.833333333333, 4
8295, 100, 35.833333333333, 5
8296, 100, 35.833333333333, 6
8297, 100, 35.833333333333, 7
8298, 100, 35.833333333333, 8
8299, 100, 35.833333333333, 9
8300, 100, 36.666666666667, 1
8301, 100, 36.666666666667, 2
8302, 100, 36.666666666667, 3
8303, 100, 36.666666666667, 4
8304, 100, 36.666666666667, 5
8305, 100, 36.666666666667, 6
8306, 100, 36.666666666667, 7
8307, 100, 36.666666666667, 8
8308, 100, 36.666666666667, 9
8309, 100, 37.5, 1
8310, 100, 37.5, 2
8311, 100, 37.5, 3
8312, 100, 37.5, 4
8313, 100, 37.5, 5
8314, 100, 37.5, 6
8315, 100, 37.5, 7
8316, 100, 37.5, 8
8317, 100, 37.5, 9
8318, 100, 38.333333333333, 1
8319, 100, 38.333333333333, 2
8320, 100, 38.333333333333, 3
8321, 100, 38.333333333333, 4
8322, 100, 38.333333333333, 5
8323, 100, 38.333333333333, 6
8324, 100, 38.333333333333, 7
8325, 100, 38.333333333333, 8
8326, 100, 38.333333333333, 9
8327, 100, 39.166666666667, 1
8328, 100, 39.166666666667, 2
8329, 100, 39.166666666667, 3
8330, 100, 39.166666666667, 4
8331, 100, 39.166666666667, 5
8332, 100, 39.166666666667, 6
8333, 100, 39.166666666667, 7
8334, 100, 39.166666666667, 8
8335, 100, 39.166666666667, 9
9398, 39, 100, 1
9399, 39, 100, 2
9400, 39, 100, 3
9401, 39, 100, 4
9402, 39, 100, 5
9403, 39, 100, 6
9404, 39, 100, 7
9405, 39, 100, 8
9406, 39, 100, 9
9407, 38, 100, 1
9408, 38, 100, 2
9409, 38, 100, 3
9410, 38, 100, 4
9411, 38, 100, 5
9412, 38, 100, 6
9413, 38, 100, 7
9414, 38, 100, 8
9415, 38, 100, 9
9416, 37, 100, 1
9417, 37, 100, 2
9418, 37, 100, 3
9419, 37, 100, 4
9420, 37, 100, 5
9421, 37, 100, 6
9422, 37, 100, 7
9423, 37, 100, 8
9424, 37, 100, 9
9425, 36, 100, 1
9426, 36, 100, 2
9427, 36, 100, 3
9428, 36, 100, 4
9429, 36, 100, 5
9430, 36, 100, 6
9431, 36, 100, 7
9432, 36, 100, 8
9433, 36, 100, 9
9434, 35, 100, 1
9435, 35, 100, 2
9436, 35, 100, 3
9437, 35, 100, 4
9438, 35, 100, 5
9439, 35, 100, 6
9440, 35, 100, 7
9441, 35, 100, 8
9442, 35, 100, 9
9443, 34, 100, 1
9444, 34, 100, 2
9445, 34, 100, 3
9446, 34, 100, 4
9447, 34, 100, 5
9448, 34, 100, 6
9449, 34, 100, 7
9450, 34, 100, 8
9451, 34, 100, 9
9452, 33, 100, 1
9453, 33, 100, 2
9454, 33, 100, 3
9455, 33, 100, 4
9456, 33, 100, 5
9457, 33, 100, 6
9458, 33, 100, 7
9459, 33, 100, 8
9460, 33, 100, 9
9461, 32, 100, 1
9462, 32, 100, 2
9463, 32, 100, 3
9464, 32, 100, 4
9465, 32, 100, 5
9466, 32, 100, 6
9467, 32, 100, 7
9468, 32, 100, 8
9469, 32, 100, 9
9470, 31, 100, 1
9471, 31, 100, 2
9472, 31, 100, 3
9473, 31, 100, 4
9474, 31, 100, 5
9475, 31, 100, 6
9476, 31, 100, 7
9477, 31, 100, 8
9478, 31, 100, 9
9479, 30, 100, 1
9480, 30, 100, 2
9481, 30, 100, 3
9482, 30, 100, 4
9483, 30, 100, 5
9484, 30, 100, 6
9485, 30, 100, 7
9486, 30, 100, 8
9487, 30, 100, 9
9488, 29, 100, 1
9489, 29, 100, 2
9490, 29, 100, 3
9491, 29, 100, 4
9492, 29, 100, 5
9493, 29, 100, 6
9494, 29, 100, 7
9495, 29, 100, 8
9496, 29, 100, 9
9497, 28, 100, 1
9498, 28, 100, 2
9499, 28, 100, 3
9500, 28, 100, 4
9501, 28, 100, 5
9502, 28, 100, 6
9503, 28, 100, 7
9504, 28, 100, 8
9505, 28, 100, 9
9506, 27, 100, 1
9507, 27, 100, 2
9508, 27, 100, 3
9509, 27, 100, 4
9510, 27, 100, 5
9511, 27, 100, 6
9512, 27, 100, 7
9513, 27, 100, 8
9514, 27, 100, 9
9515, 26, 100, 1
9516, 26, 100, 2
9517, 26, 100, 3
9518, 26, 100, 4
9519, 26, 100, 5
9520, 26, 100, 6
9521, 26, 100, 7
9522, 26, 100, 8
9523, 26, 100, 9
9524, 25, 100, 1
9525, 25, 100, 2
9526, 25, 100, 3
9527, 25, 100, 4
9528, 25, 100, 5
9529, 25, 100, 6
9530, 25, 100, 7
9531, 25, 100, 8
9532, 25, 100, 9
9533, 24, 100, 1
9534, 24, 100, 2
9535, 24, 100, 3
9536, 24, 100, 4
9537, 24, 100, 5
9538, 24, 100, 6
9539, 24, 100, 7
9540, 24, 100, 8
9541, 24, 100, 9
9542, 23, 100, 1
9543, 23, 100, 2
9544, 23, 100, 3
9545, 23, 100, 4
9546, 23, 100, 5
9547, 23, 100, 6
9548, 23, 100, 7
9549, 23, 100, 8
9550, 23, 100, 9
9551, 22, 100, 1
9552, 22, 100, 2
9553, 22, 100, 3
9554, 22, 100, 4
9555, 22, 100, 5
9556, 22, 100, 6
9557, 22, 100, 7
9558, 22, 100, 8
9559, 22, 100, 9
9560, 21, 100, 1
9561, 21, 100, 2
9562, 21, 100, 3
9563, 21, 100, 4
9564, 21, 100, 5
9565, 21, 100, 6
9566, 21, 100, 7
9567, 21, 100, 8
9568, 21, 100, 9
9569, 20, 100, 1
9570, 20, 100, 2
9571, 20, 100, 3
9572, 20, 100, 4
9573, 20, 100, 5
9574, 20, 100, 6
9575, 20, 100, 7
9576, 20, 100, 8
9577, 20, 100, 9
9578, 19, 100, 1
9579, 19, 100, 2
9580, 19, 100, 3
9581, 19, 100, 4
9582, 19, 100, 5
9583, 19, 100, 6
9584, 19, 100, 7
9585, 19, 100, 8
9586, 19, 100, 9
9587, 18, 100, 1
9588, 18, 100, 2
9589, 18, 100, 3
9590, 18, 100, 4
9591, 18, 100, 5
9592, 18, 100, 6
9593, 18, 100, 7
9594, 18, 100, 8
9595, 18, 100, 9
9596, 17, 100, 1
9597, 17, 100, 2
9598, 17, 100, 3
9599, 17, 100, 4
9600, 17, 100, 5
9601, 17, 100, 6
9602, 17, 100, 7
9603, 17, 100, 8
9604, 17, 100, 9
9605, 16, 100, 1
9606, 16, 100, 2
9607, 16, 100, 3
9608, 16, 100, 4
9609, 16, 100, 5
9610, 16, 100, 6
9611, 16, 100, 7
9612, 16, 100, 8
9613, 16, 100, 9
9614, 15, 100, 1
9615, 15, 100, 2
9616, 15, 100, 3
9617, 15, 100, 4
9618, 15, 100, 5
9619, 15, 100, 6
9620, 15, 100, 7
9621, 15, 100, 8
9622, 15, 100, 9
9623, 14, 100, 1
9624, 14, 100, 2
9625, 14, 100, 3
9626, 14, 100, 4
9627, 14, 100, 5
9628, 14, 100, 6
9629, 14, 100, 7
9630, 14, 100, 8
9631, 14, 100, 9
9632, 13, 100, 1
9633, 13, 100, 2
9634, 13, 100, 3
9635, 13, 100, 4
9636, 13, 100, 5
9637, 13, 100, 6
9638, 13, 100, 7
9639, 13, 100, 8
9640, 13, 100, 9
9641, 12, 100, 1
9642, 12, 100, 2
9643, 12, 100, 3
9644, 12, 100, 4
9645, 12, 100, 5
9646, 12, 100, 6
9647, 12, 100, 7
9648, 12, 100, 8
9649, 12, 100, 9
9650, 11, 100, 1
9651, 11, 100, 2
9652, 11, 100, 3
9653, 11, 100, 4
9654, 11, 100, 5
9655, 11, 100, 6
9656, 11, 100, 7
9657, 11, 100, 8
9658, 11, 100, 9
9659, 9.9999999999999, 100, 1
9660, 9.9999999999999, 100, 2
9661, 9.9999999999999, 100, 3
9662, 9.9999999999999, 100, 4
9663, 9.9999999999999, 100, 5
9664, 9.9999999999999, 100, 6
9665, 9.9999999999999, 100, 7
9666, 9.9999999999999, 100, 8
9667, 9.9999999999999, 100, 9
9668, 8.9999999999999, 100, 1
9669, 8.9999999999999, 100, 2
9670, 8.9999999999999, 100, 3
9671, 8.9999999999999, 100, 4
9672, 8.9999999999999, 100, 5
9673, 8.9999999999999, 100, 6
9674, 8.9999999999999, 100, 7
9675, 8.9999999999999, 100, 8
9676, 8.9999999999999, 100, 9
9677, 7.9999999999999, 100, 1
9678, 7.9999999999999, 100, 2
9679, 7.9999999999999, 100, 3
9680, 7.9999999999999, 100, 4
9681, 7.9999999999999, 100, 5
9682, 7.9999999999999, 100, 6
9683, 7.9999999999999, 100, 7
9684, 7.9999999999999, 100, 8
9685, 7.9999999999999, 100, 9
9686, 6.9999999999999, 100, 1
9687, 6.9999999999999, 100, 2
9688, 6.9999999999999, 100, 3
9689, 6.9999999999999, 100, 4
9690, 6.9999999999999, 100, 5
9691, 6.9999999999999, 100, 6
9692, 6.9999999999999, 100, 7
9693, 6.9999999999999, 100, 8
9694, 6.9999999999999, 100, 9
9695, 6, 100, 1
9696, 6, 100, 2
9697, 6, 100, 3
9698, 6, 100, 4
9699, 6, 100, 5
9700, 6, 100, 6
9701, 6, 100, 7
9702, 6, 100, 8
9703, 6, 100, 9
9704, 5, 100, 1
9705, 5, 100, 2
9706, 5, 100, 3
9707, 5, 100, 4
9708, 5, 100, 5
9709, 5, 100, 6
9710, 5, 100, 7
9711, 5, 100, 8
9712, 5, 100, 9
9713, 4, 100, 1
9714, 4, 100, 2
9715, 4, 100, 3
9716, 4, 100, 4
9717, 4, 100, 5
9718, 4, 100, 6
9719, 4, 100, 7
9720, 4, 100, 8
9721, 4, 100, 9
9722, 3, 100, 1
9723, 3, 100, 2
9724, 3, 100, 3
9725, 3, 100, 4
9726, 3, 100, 5
9727, 3, 100, 6
9728, 3, 100, 7
9729, 3, 100, 8
9730, 3, 100, 9
9731, 2, 100, 1
9732, 2, 100, 2
9733, 2, 100, 3
9734, 2, 100, 4
9735, 2, 100, 5
9736, 2, 100, 6
9737, 2, 100, 7
9738, 2, 100, 8
9739, 2, 100, 9
9740, 0.99999999999999, 100, 1
9741, 0.99999999999999, 100, 2
9742, 0.99999999999999, 100, 3
9743, 0.99999999999999, 100, 4
9744, 0.99999999999999, 100, 5
9745, 0.99999999999999, 100, 6
9746, 0.99999999999999, 100, 7
9747, 0.99999999999999, 100, 8
9748, 0.99999999999999, 100, 9
******* E L E M E N T S *************
*ELEMENT, type=CPS4, ELSET=Surface27
8666, 3, 149, 8291, 823
8667, 823, 8291, 8292, 824
8668, 824, 8292, 8293, 825
8669, 825, 8293, 8294, 826
8670, 826, 8294, 8295, 827
8671, 827, 8295, 8296, 828
8672, 828, 8296, 8297, 829
8673, 829, 8297, 8298, 830
8674, 830, 8298, 8299, 831
8675, 831, 8299, 544, 10
8676, 149, 150, 8300, 8291
8677, 8291, 8300, 8301, 8292
8678, 8292, 8301, 8302, 8293
8679, 8293, 8302, 8303, 8294
8680, 8294, 8303, 8304, 8295
8681, 8295, 8304, 8305, 8296
8682, 8296, 8305, 8306, 8297
8683, 8297, 8306, 8307, 8298
8684, 8298, 8307, 8308, 8299
8685, 8299, 8308, 545, 544
8686, 150, 151, 8309, 8300
8687, 8300, 8309, 8310, 8301
8688, 8301, 8310, 8311, 8302
8689, 8302, 8311, 8312, 8303
8690, 8303, 8312, 8313, 8304
8691, 8304, 8313, 8314, 8305
8692, 8305, 8314, 8315, 8306
8693, 8306, 8315, 8316, 8307
8694, 8307, 8316, 8317, 8308
8695, 8308, 8317, 546, 545
8696, 151, 152, 8318, 8309
8697, 8309, 8318, 8319, 8310
8698, 8310, 8319, 8320, 8311
8699, 8311, 8320, 8321, 8312
8700, 8312, 8321, 8322, 8313
8701, 8313, 8322, 8323, 8314
8702, 8314, 8323, 8324, 8315
8703, 8315, 8324, 8325, 8316
8704, 8316, 8325, 8326, 8317
8705, 8317, 8326, 547, 546
8706, 152, 153, 8327, 8318
8707, 8318, 8327, 8328, 8319
8708, 8319, 8328, 8329, 8320
8709, 8320, 8329, 8330, 8321
8710, 8321, 8330, 8331, 8322
8711, 8322, 8331, 8332, 8323
8712, 8323, 8332, 8333, 8324
8713, 8324, 8333, 8334, 8325
8714, 8325, 8334, 8335, 8326
8715, 8326, 8335, 548, 547
8716, 153, 4, 832, 8327
8717, 8327, 832, 833, 8328
8718, 8328, 833, 834, 8329
8719, 8329, 834, 835, 8330
8720, 8330, 835, 836, 8331
8721, 8331, 836, 837, 8332
8722, 8332, 837, 838, 8333
8723, 8333, 838, 839, 8334
8724, 8334, 839, 840, 8335
8725, 8335, 840, 11, 548
*ELEMENT, type=CPS4, ELSET=Surface39
9926, 6, 272, 9398, 850
9927, 850, 9398, 9399, 851
9928, 851, 9399, 9400, 852
9929, 852, 9400, 9401, 853
9930, 853, 9401, 9402, 854
9931, 854, 9402, 9403, 855
9932, 855, 9403, 9404, 856
9933, 856, 9404, 9405, 857
9934, 857, 9405, 9406, 858
9935, 858, 9406, 667, 13
9936, 272, 273, 9407, 9398
9937, 9398, 9407, 9408, 9399
9938, 9399, 9408, 9409, 9400
9939, 9400, 9409, 9410, 9401
9940, 9401, 9410, 9411, 9402
9941, 9402, 9411, 9412, 9403
9942, 9403, 9412, 9413, 9404
9943, 9404, 9413, 9414, 9405
9944, 9405, 9414, 9415, 9406
9945, 9406, 9415, 668, 667
9946, 273, 274, 9416, 9407
9947, 9407, 9416, 9417, 9408
9948, 9408, 9417, 9418, 9409
9949, 9409, 9418, 9419, 9410
9950, 9410, 9419, 9420, 9411
9951, 9411, 9420, 9421, 9412
9952, 9412, 9421, 9422, 9413
9953, 9413, 9422, 9423, 9414
9954, 9414, 9423, 9424, 9415
9955, 9415, 9424, 669, 668
9956, 274, 275, 9425, 9416
9957, 9416, 9425, 9426, 9417
9958, 9417, 9426, 9427, 9418
9959, 9418, 9427, 9428, 9419
9960, 9419, 9428, 9429, 9420
9961, 9420, 9429, 9430, 9421
9962, 9421, 9430, 9431, 9422
9963, 9422, 9431, 9432, 9423
9964, 9423, 9432, 9433, 9424
9965, 9424, 9433, 670, 669
9966, 275, 276, 9434, 9425
9967, 9425, 9434, 9435, 9426
9968, 9426, 9435, 9436, 9427
9969, 9427, 9436, 9437, 9428
9970, 9428, 9437, 9438, 9429
9971, 9429, 9438, 9439, 9430
9972, 9430, 9439, 9440, 9431
9973, 9431, 9440, 9441, 9432
9974, 9432, 9441, 9442, 9433
9975, 9433, 9442, 671, 670
9976, 276, 277, 9443, 9434
9977, 9434, 9443, 9444, 9435
9978, 9435, 9444, 9445, 9436
9979, 9436, 9445, 9446, 9437
9980, 9437, 9446, 9447, 9438
9981, 9438, 9447, 9448, 9439
9982, 9439, 9448, 9449, 9440
9983, 9440, 9449, 9450, 9441
9984, 9441, 9450, 9451, 9442
9985, 9442, 9451, 672, 671
9986, 277, 278, 9452, 9443
9987, 9443, 9452, 9453, 9444
9988, 9444, 9453, 9454, 9445
9989, 9445, 9454, 9455, 9446
9990, 9446, 9455, 9456, 9447
9991, 9447, 9456, 9457, 9448
9992, 9448, 9457, 9458, 9449
9993, 9449, 9458, 9459, 9450
9994, 9450, 9459, 9460, 9451
9995, 9451, 9460, 673, 672
9996, 278, 279, 9461, 9452
9997, 9452, 9461, 9462, 9453
9998, 9453, 9462, 9463, 9454
9999, 9454, 9463, 9464, 9455
10000, 9455, 9464, 9465, 9456
10001, 9456, 9465, 9466, 9457
10002, 9457, 9466, 9467, 9458
10003, 9458, 9467, 9468, 9459
10004, 9459, 9468, 9469, 9460
10005, 9460, 9469, 674, 673
10006, 279, 280, 9470, 9461
10007, 9461, 9470, 9471, 9462
10008, 9462, 9471, 9472, 9463
10009, 9463, 9472, 9473, 9464
10010, 9464, 9473, 9474, 9465
10011, 9465, 9474, 9475, 9466
10012, 9466, 9475, 9476, 9467
10013, 9467, 9476, 9477, 9468
10014, 9468, 9477, 9478, 9469
10015, 9469, 9478, 675, 674
10016, 280, 281, 9479, 9470
10017, 9470, 9479, 9480, 9471
10018, 9471, 9480, 9481, 9472
10019, 9472, 9481, 9482, 9473
10020, 9473, 9482, 9483, 9474
10021, 9474, 9483, 9484, 9475
10022, 9475, 9484, 9485, 9476
10023, 9476, 9485, 9486, 9477
10024, 9477, 9486, 9487, 9478
10025, 9478, 9487, 676, 675
10026, 281, 282, 9488, 9479
10027, 9479, 9488, 9489, 9480
10028, 9480, 9489, 9490, 9481
10029, 9481, 9490, 9491, 9482
10030, 9482, 9491, 9492, 9483
10031, 9483, 9492, 9493, 9484
10032, 9484, 9493, 9494, 9485
10033, 9485, 9494, 9495, 9486
10034, 9486, 9495, 9496, 9487
10035, 9487, 9496, 677, 676
10036, 282, 283, 9497, 9488
10037, 9488, 9497, 9498, 9489
10038, 9489, 9498, 9499, 9490
10039, 9490, 9499, 9500, 9491
10040, 9491, 9500, 9501, 9492
10041, 9492, 9501, 9502, 9493
10042, 9493, 9502, 9503, 9494
10043, 9494, 9503, 9504, 9495
10044, 9495, 9504, 9505, 9496
10045, 9496, 9505, 678, 677
10046, 283, 284, 9506, 9497
10047, 9497, 9506, 9507, 9498
10048, 9498, 9507, 9508, 9499
10049, 9499, 9508, 9509, 9500
10050, 9500, 9509, 9510, 9501
10051, 9501, 9510, 9511, 9502
10052, 9502, 9511, 9512, 9503
10053, 9503, 9512, 9513, 9504
10054, 9504, 9513, 9514, 9505
10055, 9505, 9514, 679, 678
10056, 284, 285, 9515, 9506
10057, 9506, 9515, 9516, 9507
10058, 9507, 9516, 9517, 9508
10059, 9508, 9517, 9518, 9509
10060, 9509, 9518, 9519, 9510
10061, 9510, 9519, 9520, 9511
10062, 9511, 9520, 9521, 9512
10063, 9512, 9521, 9522, 9513
10064, 9513, 9522, 9523, 9514
10065, 9514, 9523, 680, 679
10066, 285, 286, 9524, 9515
10067, 9515, 9524, 9525, 9516
10068, 9516, 9525, 9526, 9517
10069, 9517, 9526, 9527, 9518
10070, 9518, 9527, 9528, 9519
10071, 9519, 9528, 9529, 9520
10072, 9520, 9529, 9530, 9521
10073, 9521, 9530, 9531, 9522
10074, 9522, 9531, 9532, 9523
10075, 9523, 9532, 681, 680
10076, 286, 287, 9533, 9524
10077, 9524, 9533, 9534, 9525
10078, 9525, 9534, 9535, 9526
10079, 9526, 9535, 9536, 9527
10080, 9527, 9536, 9537, 9528
10081, 9528, 9537, 9538, 9529
10082, 9529, 9538, 9539, 9530
10083, 9530, 9539, 9540, 9531
10084, 9531, 9540, 9541, 9532
10085, 9532, 9541, 682, 681
10086, 287, 288, 9542, 9533
10087, 9533, 9542, 9543, 9534
10088, 9534, 9543, 9544, 9535
10089, 9535, 9544, 9545, 9536
10090, 9536, 9545, 9546, 9537
10091, 9537, 9546, 9547, 9538
10092, 9538, 9547, 9548, 9539
10093, 9539, 9548, 9549, 9540
10094, 9540, 9549, 9550, 9541
10095, 9541, 9550, 683, 682
10096, 288, 289, 9551, 9542
10097, 9542, 9551, 9552, 9543
10098, 9543, 9552, 9553, 9544
10099, 9544, 9553, 9554, 9545
10100, 9545, 9554, 9555, 9546
10101, 9546, 9555, 9556, 9547
10102, 9547, 9556, 9557, 9548
10103, 9548, 9557, 9558, 9549
10104, 9549, 9558, 9559, 9550
10105, 9550, 9559, 684, 683
10106, 289, 290, 9560, 9551
10107, 9551, 9560, 9561, 9552
10108, 9552, 9561, 9562, 9553
10109, 9553, 9562, 9563, 9554
10110, 9554, 9563, 9564, 9555
10111, 9555, 9564, 9565, 9556
10112, 9556, 9565, 9566, 9557
10113, 9557, 9566, 9567, 9558
10114, 9558, 9567, 9568, 9559
10115, 9559, 9568, 685, 684
10116, 290, 291, 9569, 9560
10117, 9560, 9569, 9570, 9561
10118, 9561, 9570, 9571, 9562
10119, 9562, 9571, 9572, 9563
10120, 9563, 9572, 9573, 9564
10121, 9564, 9573, 9574, 9565
10122, 9565, 9574, 9575, 9566
10123, 9566, 9575, 9576, 9567
10124, 9567, 9576, 9577, 9568
10125, 9568, 9577, 686, 685
10126, 291, 292, 9578, 9569
10127, 9569, 9578, 9579, 9570
10128, 9570, 9579, 9580, 9571
10129, 9571, 9580, 9581, 9572
10130, 9572, 9581, 9582, 9573
10131, 9573, 9582, 9583, 9574
10132, 9574, 9583, 9584, 9575
10133, 9575, 9584, 9585, 9576
10134, 9576, 9585, 9586, 9577
10135, 9577, 9586, 687, 686
10136, 292, 293, 9587, 9578
10137, 9578, 9587, 9588, 9579
10138, 9579, 9588, 9589, 9580
10139, 9580, 9589, 9590, 9581
10140, 9581, 9590, 9591, 9582
10141, 9582, 9591, 9592, 9583
10142, 9583, 9592, 9593, 9584
10143, 9584, 9593, 9594, 9585
10144, 9585, 9594, 9595, 9586
10145, 9586, 9595, 688, 687
10146, 293, 294, 9596, 9587
10147, 9587, 9596, 9597, 9588
10148, 9588, 9597, 9598, 9589
10149, 9589, 9598, 9599, 9590
10150, 9590, 9599, 9600, 9591
10151, 9591, 9600, 9601, 9592
10152, 9592, 9601, 9602, 9593
10153, 9593, 9602, 9603, 9594
10154, 9594, 9603, 9604, 9595
10155, 9595, 9604, 689, 688
10156, 294, 295, 9605, 9596
10157, 9596, 9605, 9606, 9597
10158, 9597, 9606, 9607, 9598
10159, 9598, 9607, 9608, 9599
10160, 9599, 9608, 9609, 9600
10161, 9600, 9609, 9610, 9601
10162, 9601, 9610, 9611, 9602
10163, 9602, 9611, 9612, 9603
10164, 9603, 9612, 9613, 9604
10165, 9604, 9613, 690, 689
10166, 295, 296, 9614, 9605
10167, 9605, 9614, 9615, 9606
10168, 9606, 9615, 9616, 9607
10169, 9607, 9616, 9617, 9608
10170, 9608, 9617, 9618, 9609
10171, 9609, 9618, 9619, 9610
10172, 9610, 9619, 9620, 9611
10173, 9611, 9620, 9621, 9612
10174, 9612, 9621, 9622, 9613
10175, 9613, 9622, 691, 690
10176, 296, 297, 9623, 9614
10177, 9614, 9623, 9624, 9615
10178, 9615, 9624, 9625, 9616
10179, 9616, 9625, 9626, 9617
10180, 9617, 9626, 9627, 9618
10181, 9618, 9627, 9628, 9619
10182, 9619, 9628, 9629, 9620
10183, 9620, 9629, 9630, 9621
10184, 9621, 9630, 9631, 9622
10185, 9622, 9631, 692, 691
10186, 297, 298, 9632, 9623
10187, 9623, 9632, 9633, 9624
10188, 9624, 9633, 9634, 9625
10189, 9625, 9634, 9635, 9626
10190, 9626, 9635, 9636, 9627
10191, 9627, 9636, 9637, 9628
10192, 9628, 9637, 9638, 9629
10193, 9629, 9638, 9639, 9630
10194, 9630, 9639, 9640, 9631
10195, 9631, 9640, 693, 692
10196, 298, 299, 9641, 9632
10197, 9632, 9641, 9642, 9633
10198, 9633, 9642, 9643, 9634
10199, 9634, 9643, 9644, 9635
10200, 9635, 9644, 9645, 9636
10201, 9636, 9645, 9646, 9637
10202, 9637, 9646, 9647, 9638
10203, 9638, 9647, 9648, 9639
10204, 9639, 9648, 9649, 9640
10205, 9640, 9649, 694, 693
10206, 299, 300, 9650, 9641
10207, 9641, 9650, 9651, 9642
10208, 9642, 9651, 9652, 9643
10209, 9643, 9652, 9653, 9644
10210, 9644, 9653, 9654, 9645
10211, 9645, 9654, 9655, 9646
10212, 9646, 9655, 9656, 9647
10213, 9647, 9656, 9657, 9648
10214, 9648, 9657, 9658, 9649
10215, 9649, 9658, 695, 694
10216, 300, 301, 9659, 9650
10217, 9650, 9659, 9660, 9651
10218, 9651, 9660, 9661, 9652
10219, 9652, 9661, 9662, 9653
10220, 9653, 9662, 9663, 9654
10221, 9654, 9663, 9664, 9655
10222, 9655, 9664, 9665, 9656
10223, 9656, 9665, 9666, 9657
10224, 9657, 9666, 9667, 9658
10225, 9658, 9667, 696, 695
10226, 301, 302, 9668, 9659
10227, 9659, 9668, 9669, 9660
10228, 9660, 9669, 9670, 9661
10229, 9661, 9670, 9671, 9662
10230, 9662, 9671, 9672, 9663
10231, 9663, 9672, 9673, 9664
10232, 9664, 9673, 9674, 9665
10233, 9665, 9674, 9675, 9666
10234, 9666, 9675, 9676, 9667
10235, 9667, 9676, 697, 696
10236, 302, 303, 9677, 9668
10237, 9668, 9677, 9678, 9669
10238, 9669, 9678, 9679, 9670
10239, 9670, 9679, 9680, 9671
10240, 9671, 9680, 9681, 9672
10241, 9672, 9681, 9682, 9673
10242, 9673, 9682, 9683, 9674
10243, 9674, 9683, 9684, 9675
10244, 9675, 9684, 9685, 9676
10245, 9676, 9685, 698, 697
10246, 303, 304, 9686, 9677
10247, 9677, 9686, 9687, 9678
10248, 9678, 9687, 9688, 9679
10249, 9679, 9688, 9689, 9680
10250, 9680, 9689, 9690, 9681
10251, 9681, 9690, 9691, 9682
10252, 9682, 9691, 9692, 9683
10253, 9683, 9692, 9693, 9684
10254, 9684, 9693, 9694, 9685
10255, 9685, 9694, 699, 698
10256, 304, 305, 9695, 9686
10257, 9686, 9695, 9696, 9687
10258, 9687, 9696, 9697, 9688
10259, 9688, 9697, 9698, 9689
10260, 9689, 9698, 9699, 9690
10261, 9690, 9699, 9700, 9691
10262, 9691, 9700, 9701, 9692
10263, 9692, 9701, 9702, 9693
10264, 9693, 9702, 9703, 9694
10265, 9694, 9703, 700, 699
10266, 305, 306, 9704, 9695
10267, 9695, 9704, 9705, 9696
10268, 9696, 9705, 9706, 9697
10269, 9697, 9706, 9707, 9698
10270, 9698, 9707, 9708, 9699
10271, 9699, 9708, 9709, 9700
10272, 9700, 9709, 9710, 9701
10273, 9701, 9710, 9711, 9702
10274, 9702, 9711, 9712, 9703
10275, 9703, 9712, 701, 700
10276, 306, 307, 9713, 9704
10277, 9704, 9713, 9714, 9705
10278, 9705, 9714, 9715, 9706
10279, 9706, 9715, 9716, 9707
10280, 9707, 9716, 9717, 9708
10281, 9708, 9717, 9718, 9709
10282, 9709, 9718, 9719, 9710
10283, 9710, 9719, 9720, 9711
10284, 9711, 9720, 9721, 9712
10285, 9712, 9721, 702, 701
10286, 307, 308, 9722, 9713
10287, 9713, 9722, 9723, 9714
10288, 9714, 9723, 9724, 9715
10289, 9715, 9724, 9725, 9716
10290, 9716, 9725, 9726, 9717
10291, 9717, 9726, 9727, 9718
10292, 9718, 9727, 9728, 9719
10293, 9719, 9728, 9729, 9720
10294, 9720, 9729, 9730, 9721
10295, 9721, 9730, 703, 702
10296, 308, 309, 9731, 9722
10297, 9722, 9731, 9732, 9723
10298, 9723, 9732, 9733, 9724
10299, 9724, 9733, 9734, 9725
10300, 9725, 9734, 9735, 9726
10301, 9726, 9735, 9736, 9727
10302, 9727, 9736, 9737, 9728
10303, 9728, 9737, 9738, 9729
10304, 9729, 9738, 9739, 9730
10305, 9730, 9739, 704, 703
10306, 309, 310, 9740, 9731
10307, 9731, 9740, 9741, 9732
10308, 9732, 9741, 9742, 9733
10309, 9733, 9742, 9743, 9734
10310, 9734, 9743, 9744, 9735
10311, 9735, 9744, 9745, 9736
10312, 9736, 9745, 9746, 9737
10313, 9737, 9746, 9747, 9738
10314, 9738, 9747, 9748, 9739
10315, 9739, 9748, 705, 704
10316, 310, 7, 859, 9740
10317, 9740, 859, 860, 9741
10318, 9741, 860, 861, 9742
10319, 9742, 861, 862, 9743
10320, 9743, 862, 863, 9744
10321, 9744, 863, 864, 9745
10322, 9745, 864, 865, 9746
10323, 9746, 865, 866, 9747
10324, 9747, 866, 867, 9748
10325, 9748, 867, 14, 705
*ELSET,ELSET=Load
8666, 8667, 8668, 8669, 8670, 8671, 8672, 8673, 8674, 8675, 
8676, 8677, 8678, 8679, 8680, 8681, 8682, 8683, 8684, 8685, 
8686, 8687, 8688, 8689, 8690, 8691, 8692, 8693, 8694, 8695, 
8696, 8697, 8698, 8699, 8700, 8701, 8702, 8703, 8704, 8705, 
8706, 8707, 8708, 8709, 8710, 8711, 8712, 8713, 8714, 8715, 
8716, 8717, 8718, 8719, 8720, 8721, 8722, 8723, 8724, 8725, 
*ELSET,ELSET=Top
9926, 9927, 9928, 9929, 9930, 9931, 9932, 9933, 9934, 9935, 
9936, 9937, 9938, 9939, 9940, 9941, 9942, 9943, 9944, 9945, 
9946, 9947, 9948, 9949, 9950, 9951, 9952, 9953, 9954, 9955, 
9956, 9957, 9958, 9959, 9960, 9961, 9962, 9963, 9964, 9965, 
9966, 9967, 9968, 9969, 9970, 9971, 9972, 9973, 9974, 9975, 
9976, 9977, 9978, 9979, 9980, 9981, 9982, 9983, 9984, 9985, 
9986, 9987, 9988, 9989, 9990, 9991, 9992, 9993, 9994, 9995, 
9996, 9997, 9998, 9999, 10000, 10001, 10002, 10003, 10004, 10005, 
10006, 10007, 10008, 10009, 10010, 10011, 10012, 10013, 10014, 10015, 
10016, 10017, 10018, 10019, 10020, 10021, 10022, 10023, 10024, 10025, 
10026, 10027, 10028, 10029, 10030, 10031, 10032, 10033, 10034, 10035, 
10036, 10037, 10038, 10039, 10040, 10041, 10042, 10043, 10044, 10045, 
10046, 10047, 10048, 10049, 10050, 10051, 10052, 10053, 10054, 10055, 
10056, 10057, 10058, 10059, 10060, 10061, 10062, 10063, 10064, 10065, 
10066, 10067, 10068, 10069, 10070, 10071, 10072, 10073, 10074, 10075, 
10076, 10077, 10078, 10079, 10080, 10081, 10082, 10083, 10084, 10085, 
10086, 10087, 10088, 10089, 10090, 10091, 10092, 10093, 10094, 10095, 
10096, 10097, 10098, 10099, 10100, 10101, 10102, 10103, 10104, 10105, 
10106, 10107, 10108, 10109, 10110, 10111, 10112, 10113, 10114, 10115, 
10116, 10117, 10118, 10119, 10120, 10121, 10122, 10123, 10124, 10125, 
10126, 10127, 10128, 10129, 10130, 10131, 10132, 10133, 10134, 10135, 
10136, 10137, 10138, 10139, 10140, 10141, 10142, 10143, 10144, 10145, 
10146, 10147, 10148, 10149, 10150, 10151, 10152, 10153, 10154, 10155, 
10156, 10157, 10158, 10159, 10160, 10161, 10162, 10163, 10164, 10165, 
10166, 10167, 10168, 10169, 10170, 10171, 10172, 10173, 10174, 10175, 
10176, 10177, 10178, 10179, 10180, 10181, 10182, 10183, 10184, 10185, 
10186, 10187, 10188, 10189, 10190, 10191, 10192, 10193, 10194, 10195, 
10196, 10197, 10198, 10199, 10200, 10201, 10202, 10203, 10204, 10205, 
10206, 10207, 10208, 10209, 10210, 10211, 10212, 10213, 10214, 10215, 
10216, 10217, 10218, 10219, 10220, 10221, 10222, 10223, 10224, 10225, 
10226, 10227, 10228, 10229, 10230, 10231, 10232, 10233, 10234, 10235, 
10236, 10237, 10238, 10239, 10240, 10241, 10242, 10243, 10244, 10245, 
10246, 10247, 10248, 10249, 10250, 10251, 10252, 10253, 10254, 10255, 
10256, 10257, 10258, 10259, 10260, 10261, 10262, 10263, 10264, 10265, 
10266, 10267, 10268, 10269, 10270, 10271, 10272, 10273, 10274, 10275, 
10276, 10277, 10278, 10279, 10280, 10281, 10282, 10283, 10284, 10285, 
10286, 10287, 10288, 10289, 10290, 10291, 10292, 10293, 10294, 10295, 
10296, 10297, 10298, 10299, 10300, 10301, 10302, 10303, 10304, 10305, 
10306, 10307, 10308, 10309, 10310, 10311, 10312, 10313, 10314, 10315, 
10316, 10317, 10318, 10319, 10320, 10321, 10322, 10323, 10324, 10325, 
