$MeshFormat
4.1 0 8
$EndMeshFormat
$PhysicalNames
2
1 1 "Load"
1 2 "Top"
$EndPhysicalNames
$Entities
7 7 1 0
1 0 0 0 0 
2 100 0 0 0 
3 100 35 0 0 
4 100 40 0 0 
5 40 40 0 0 
6 40 100 0 0 
7 0 100 0 0 
1 0 0 0 100 0 0 0 2 1 -2 
2 100 0 0 100 35 0 0 2 2 -3 
3 100 35 0 100 40 0 1 1 2 3 -4 
4 40 40 0 100 40 0 0 2 4 -5 
5 40 40 0 40 100 0 0 2 5 -6 
6 0 100 0 40 100 0 1 2 2 6 -7 
7 0 0 0 0 100 0 0 2 7 -1 
1 0 0 0 100 100 0 0 7 1 2 3 4 5 6 7 
$EndEntities
$Nodes
6 48 1 48
0 3 0 1
1
100 35 0
0 4 0 1
2
100 40 0
0 6 0 1
3
40 100 0
0 7 0 1
4
0 100 0
1 3 0 5
5
6
7
8
9
100 35.83333333333334 0
100 36.66666666666666 0
100 37.5 0
100 38.33333333333334 0
100 39.16666666666666 0
1 6 0 39
10
11
12
13
14
15
16
17
18
19
20
21
22
23
24
25
26
27
28
29
30
31
32
33
34
35
36
37
38
39
40
41
42
43
44
45
46
47
48
39 100 0
37.99999999999999 100 0
36.99999999999999 100 0
35.99999999999999 100 0
34.99999999999999 100 0
33.99999999999999 100 0
32.99999999999999 100 0
31.99999999999998 100 0
30.99999999999998 100 0
29.99999999999998 100 0
28.99999999999998 100 0
27.99999999999998 100 0
26.99999999999997 100 0
25.99999999999997 100 0
24.99999999999997 100 0
23.99999999999996 100 0
22.99999999999996 100 0
21.99999999999996 100 0
20.99999999999996 100 0
19.99999999999996 100 0
18.99999999999996 100 0
17.99999999999995 100 0
16.99999999999995 100 0
15.99999999999995 100 0
14.99999999999995 100 0
13.99999999999995 100 0
12.99999999999994 100 0
11.99999999999994 100 0
10.99999999999994 100 0
9.999999999999936 100 0
8.999999999999936 100 0
7.999999999999929 100 0
6.999999999999936 100 0
5.99999999999995 100 0
4.999999999999957 100 0
3.999999999999964 100 0
2.999999999999972 100 0
1.999999999999986 100 0
0.9999999999999858 100 0
$EndNodes
$Elements
2 46 1 46
1 3 1 6
1 1 5 
2 5 6 
3 6 7 
4 7 8 
5 8 9 
6 9 2 
1 6 1 40
7 3 10 
8 10 11 
9 11 12 
10 12 13 
11 13 14 
12 14 15 
13 15 16 
14 16 17 
15 17 18 
16 18 19 
17 19 20 
18 20 21 
19 21 22 
20 22 23 
21 23 24 
22 24 25 
23 25 26 
24 26 27 
25 27 28 
26 28 29 
27 29 30 
28 30 31 
29 31 32 
30 32 33 
31 33 34 
32 34 35 
33 35 36 
34 36 37 
35 37 38 
36 38 39 
37 39 40 
38 40 41 
39 41 42 
40 42 43 
41 43 44 
42 44 45 
43 45 46 
44 46 47 
45 47 48 
46 48 4 
$EndElements
